"Steppler	Basin	(Diogo)"					
"WQ_STC_MS_9C_NH4_(mg_l)	1	mg/l"					
2005	3	31	18	57	0.566858207796242
2005	4	1	11	2	0.78428327380028
2005	4	1	18	57	0.939586892374592
2005	4	2	6	57	1.02500388259046
2005	4	2	18	43	1.07936014909147
2005	4	3	6	43	0.939586892374592
2005	4	3	17	16	0.691101102655692
2005	4	4	1	12	0.628979655225967
2005	4	4	9	21	0.520267122223948
2005	4	4	17	45	0.60568411243982
2005	4	5	9	50	0.644510017083398
2005	4	6	1	40	0.528032303152663
2005	4	6	13	26	0.349433141792204
2005	4	6	17	45	0.465910855722938
2005	4	7	5	45	0.442615312936791
2005	4	7	17	45	0.349433141792204
2005	4	8	5	45	0.256250970647616
2005	4	9	2	24	0.12424289485945
2005	4	10	2	24	0.085416990215872
2005	4	11	2	24	0.0310607237148626
2005	4	12	2	24	0.0310607237148626
2005	4	14	12	0	0.0155303618574313
2005	5	9	13	26	0.0232955427861469
2005	5	21	9	36	0.0310607237148626
2005	5	21	13	26	0.0698866283584408
2005	5	21	18	28	0.100947352073303
2005	5	22	5	31	0.0388259046435782
2005	5	22	15	36	0.0310607237148626
2005	5	23	7	26	0.00776518092871564
2005	5	30	13	26	0.0232955427861469
2005	6	8	20	24	0.0310607237148626
2005	6	9	4	33	0.0543562665010095
2005	6	9	16	33	0.0232955427861469
2005	6	10	0	28	0.0232955427861469
2005	6	12	3	36	0.0388259046435782
2005	6	12	15	36	0.0155303618574313
2005	6	13	7	26	0.0155303618574313
2005	6	13	20	24	0.0232955427861469
2005	6	14	4	33	0.0776518092871564
2005	6	14	16	33	0.0543562665010095
2005	6	15	4	33	0.0698866283584408
2005	6	16	7	26	0.0465910855722938
2005	6	27	4	33	0.0155303618574313
2005	6	28	3	36	0.0310607237148626
2005	6	29	9	36	0.0155303618574313
2005	6	29	17	31	0.0465910855722938
2005	6	30	5	31	0.0465910855722938
2005	6	30	17	31	0.0698866283584408
2005	7	1	5	31	0.0310607237148626
2005	7	1	18	28	0.0465910855722938
2005	7	2	22	33	0.0465910855722938
2005	7	8	17	31	0.00776518092871564
2005	7	11	8	24	0.0155303618574313
2005	7	17	13	26	0.0155303618574313
2005	7	18	3	36	0.0465910855722938
2006	4	2	22	33	0.388259046435782
2006	4	3	14	24	0.380493865507066
2006	4	3	22	33	0.318372418077341
2006	4	4	6	28	0.411554589221929
2006	4	4	14	24	0.442615312936791
2006	4	4	22	33	0.42708495107936
2006	4	5	6	28	0.341667960863488
2006	4	5	15	36	0.372728684578351
2006	4	5	23	31	0.364963503649635
2006	4	6	7	26	0.318372418077341
2006	4	6	13	26	0.310607237148626
2006	4	7	18	28	0.225190246932754
2006	4	8	10	33	0.194129523217891
2006	4	8	16	33	0.116477713930735
2006	4	9	4	33	0.17859916136046
2006	4	9	16	33	0.132008075788166
2006	4	10	4	33	0.155303618574313
2006	4	10	17	31	0.147538437645597
2006	4	11	5	31	0.163068799503028
2006	4	11	17	31	0.116477713930735
2006	4	12	13	26	0.0698866283584408
2006	4	12	18	28	0.0310607237148626
2006	4	13	6	28	0.0465910855722938
2006	4	19	12	28	0.00776518092871564
2006	4	26	13	26	0.0155303618574313
2006	5	11	15	36	0.0621214474297251
2006	5	25	12	28	0.0155303618574313
2006	5	29	9	36	0.0155303618574313
2007	3	22	10	33	0.318372418077341
2007	3	23	11	31	0.333902779934772
2007	3	23	19	26	0.217425066004038
2007	3	24	3	36	0.295076875291194
2007	3	24	16	33	0.310607237148626
2007	3	25	4	33	0.271781332505047
2007	3	25	16	33	0.264016151576332
2007	3	25	22	33	0.256250970647616
2007	3	26	18	28	0.12424289485945
2007	3	27	12	28	0.085416990215872
2007	3	28	13	26	0.00776518092871564
2007	3	29	3	36	0.0310607237148626
2007	3	29	10	33	0.0465910855722938
2007	4	16	13	26	0.00776518092871564
2007	4	26	12	28	0.00776518092871564
2007	5	7	13	26	0.0155303618574313
2007	5	22	0	28	0.0543562665010095
2007	5	22	4	33	0.0621214474297251
2007	5	22	12	28	0.0776518092871564
2007	5	22	13	26	0.0931821711445877
2007	5	22	15	36	0.0776518092871564
2007	5	22	23	31	0.0543562665010095
2007	5	23	11	31	0.0232955427861469
2007	5	27	11	31	0.00776518092871564
2007	5	28	14	24	0.00776518092871564
2007	5	30	13	26	0.00776518092871564
2007	5	31	13	26	0.0155303618574313
2007	6	5	8	24	0.0155303618574313
2007	6	7	11	31	0.00776518092871564
2007	6	7	14	24	0.0232955427861469
2007	6	8	12	28	0.00776518092871564
2007	6	18	9	36	0.00776518092871564
2007	6	22	5	31	0.0232955427861469
2007	6	24	10	33	0.00776518092871564
2007	6	25	6	28	0
2007	6	25	10	33	0.00776518092871564
2007	6	25	14	24	0.00776518092871564
2007	6	25	22	33	0.00776518092871564
2007	6	26	2	24	0
2007	6	26	6	28	0.0155303618574313
2007	6	26	9	36	0.0232955427861469
2007	6	26	19	26	0.00776518092871564
2007	6	28	14	24	0.0155303618574313
2007	7	3	12	28	0.0232955427861469
2007	7	10	3	36	0.00776518092871564
2007	7	10	7	26	0.00776518092871564
2007	7	10	10	33	0.0155303618574313
2007	7	10	19	26	0.0232955427861469
2007	7	11	9	36	0.00776518092871564
2008	4	5	15	21	0.396024227364498
2008	4	6	10	48	0.396024227364498
2008	4	6	17	45	0.163068799503028
2008	4	7	12	14	0.232955427861469
2008	4	8	10	48	0.108712533002019
2008	4	9	11	16	0.085416990215872
2008	4	10	8	9	0.085416990215872
2008	4	10	12	43	0.108712533002019
2008	4	11	7	40	0.0465910855722938
2008	4	11	12	14	0.0465910855722938
2008	4	12	6	14	0.0155303618574313
2008	4	12	19	12	0.0388259046435782
2008	4	13	10	19	0.0155303618574313
2008	4	13	20	9	0.0698866283584408
2008	4	14	9	21	0.0155303618574313
2008	4	15	13	12	0.116477713930735
2008	4	16	8	9	0.00776518092871564
2008	4	16	15	21	0.00776518092871564
2008	4	17	7	40	0.00776518092871564
2008	4	17	15	50	0.0155303618574313
2008	4	18	16	19	0.0155303618574313
2008	4	29	13	40	0.0155303618574313
2008	5	13	10	19	0.0155303618574313
2008	6	6	13	12	0.0388259046435782
2008	6	6	17	16	0.0310607237148626
2008	6	6	23	16	0.0388259046435782
2008	6	7	5	16	0.0310607237148626
2008	6	7	9	21	0.0388259046435782
2008	6	8	14	9	0.0155303618574313
2008	6	10	9	21	0.0155303618574313
2008	6	12	2	9	0.00776518092871564
2008	6	12	5	16	0.0155303618574313
2008	6	12	10	48	0.0155303618574313
2008	6	12	20	9	0.00776518092871564
2008	6	13	7	40	0.00776518092871564
2008	6	17	15	50	0.00776518092871564
2008	6	19	11	45	0.0155303618574313
2008	6	28	9	50	0.0388259046435782
2008	10	13	13	40	0.0155303618574313
2009	3	23	3	50	0.232955427861469
2009	3	23	9	50	0.380493865507066
2009	3	23	12	43	0.403789408293213
2009	3	23	15	50	0.450380493865507
2009	3	23	21	21	0.489206398509085
2009	3	24	6	43	0.621214474297251
2009	3	26	10	48	0.496971579437801
2009	4	2	10	48	0.100947352073303
2009	4	4	14	38	0.0232955427861469
2009	4	6	10	19	0.0155303618574313
2009	4	11	10	48	0.0698866283584408
2009	4	12	11	16	0.00776518092871564
2009	4	12	17	16	0.962882435160739
2009	4	13	5	16	0.00776518092871564
2009	4	13	14	9	0.00776518092871564
2009	4	14	2	9	0.00776518092871564
2009	4	14	11	16	0.00776518092871564
2009	4	14	19	40	0.916291349588445
2009	4	15	10	48	0.636744836154682
2009	4	15	17	16	0.520267122223948
2009	4	16	8	9	0.559093026867526
2009	4	16	20	9	0.411554589221929
2009	4	17	12	43	0.333902779934772
2009	4	20	11	16	0.139773256716882
2009	4	23	10	48	0.0310607237148626
2009	4	29	10	19	0.0155303618574313
2009	4	29	22	48	0.00776518092871564
2009	4	30	4	48	0.0310607237148626
2009	4	30	10	19	0.0388259046435782
2009	4	30	15	50	0.0776518092871564
2009	5	1	9	21	0.0232955427861469
2009	5	25	10	19	0.0232955427861469
2009	5	25	13	12	0.0621214474297251
2009	5	26	7	40	0.00776518092871564
2009	5	28	10	19	0.0232955427861469
2010	3	15	17	2	0.2484857897189
2010	3	15	23	2	0.30284205621991
2010	3	16	12	43	0.310607237148626
2010	3	16	15	36	0.209659885075322
2010	3	16	21	36	0.170833980431744
2010	3	17	5	45	0.2484857897189
2010	3	17	9	50	0.264016151576332
2010	3	18	10	19	0.2484857897189
2010	3	18	16	4	0.186364342289175
2010	3	18	16	19	0.132008075788166
2010	3	19	12	14	0.225190246932754
2010	3	20	15	21	0.0543562665010095
2010	3	21	15	50	0.0543562665010095
2010	3	22	16	19	0.0621214474297251
2010	3	23	11	2	0.0388259046435782
2010	3	24	11	45	0.0465910855722938
2010	3	26	11	2	0.0621214474297251
2010	3	28	14	9	0.085416990215872
2010	3	28	20	9	0.0621214474297251
2010	3	29	8	9	0.0388259046435782
2010	3	29	18	28	0.147538437645597
2010	3	30	9	36	0.0310607237148626
2010	3	30	20	9	0.0310607237148626
2010	3	31	11	16	0.0310607237148626
2010	3	31	23	16	0.0232955427861469
2010	4	3	10	33	0.0155303618574313
2010	4	4	12	43	0.0155303618574313
2010	4	5	12	28	0.0155303618574313
2010	4	7	13	26	0.0155303618574313
2010	4	11	12	43	0.0155303618574313
2010	4	22	12	14	0.0232955427861469
2010	5	2	14	52	0.0310607237148626
2010	5	4	16	33	0.0155303618574313
2010	5	4	22	33	0.100947352073303
2010	5	5	4	33	0.163068799503028
2010	5	5	14	52	0.0543562665010095
2010	5	6	0	0	0.0310607237148626
2010	5	6	11	31	0.0232955427861469
2010	5	7	9	21	0.0310607237148626
2010	5	11	9	21	0.0232955427861469
2010	5	18	10	4	0.0465910855722938
2010	5	25	8	38	0.0310607237148626
2010	5	27	10	33	0.0310607237148626
2010	5	28	8	24	0.0310607237148626
2010	5	28	11	31	0.0543562665010095
2010	5	28	15	36	0.139773256716882
2010	5	28	21	36	0.0388259046435782
2010	5	29	6	28	0.0388259046435782
2010	5	29	11	31	0.0232955427861469
2010	5	29	13	40	0.0310607237148626
2010	5	29	22	33	0.0465910855722938
2010	5	30	4	33	0.0388259046435782
2010	6	1	14	38	0.0232955427861469
2010	6	9	15	21	0.0232955427861469
2010	6	11	22	19	0.0155303618574313
2010	6	12	8	38	0.0232955427861469
2010	6	12	16	48	0.0232955427861469
2010	6	21	20	9	0.00776518092871564
2010	6	22	5	16	0.00776518092871564
2010	6	22	12	0	0.0155303618574313
2010	9	2	10	19	0.0543562665010095
2010	9	2	19	12	0.0310607237148626
2010	9	3	10	48	0.0232955427861469
2010	9	9	12	14	0.0232955427861469
2010	9	10	3	21	0.0155303618574313
2010	9	10	6	14	0.0232955427861469
2010	9	10	18	43	0.0388259046435782
2010	9	11	3	50	0.0310607237148626
2010	9	11	13	26	0.0155303618574313
2010	9	23	6	28	0.0155303618574313
2010	9	23	15	36	0.0155303618574313
2010	9	24	3	36	0.0232955427861469
2010	9	24	13	40	0.0155303618574313
2010	9	25	13	55	0.0155303618574313
2010	9	26	13	40	0.0155303618574313
2010	10	26	14	24	0.0310607237148626
2010	10	27	2	9	0.0310607237148626
2010	10	27	14	24	0.0232955427861469
2010	10	28	11	45	0.0310607237148626
2010	10	29	13	12	0.0155303618574313
2011	4	2	10	48	0.0931821711445877
2011	4	2	21	36	0.574623388724957
2011	4	3	5	31	0.597918931511104
2011	4	3	13	40	0.590153750582389
2011	4	4	14	24	0.458145674794223
2011	4	5	14	52	0.357198322720919
2011	4	6	7	55	0.264016151576332
2011	4	6	12	0	0.264016151576332
2011	4	7	0	57	0.217425066004038
2011	4	7	12	57	0.310607237148626
2011	4	8	0	57	0.326137599006057
2011	4	8	9	7	0.535797484081379
2011	4	8	16	19	0.450380493865507
2011	4	9	4	19	0.628979655225967
2011	4	9	7	40	0.60568411243982
2011	4	9	15	50	0.535797484081379
2011	4	9	23	45	0.535797484081379
2011	4	10	23	31	0.458145674794223
2011	4	11	15	36	0.201894704146607
2011	4	12	11	16	0.48144121758037
2011	4	12	19	12	0.434850132008076
2011	4	18	16	19	0.0465910855722938
2011	4	20	19	55	0.0310607237148626
2011	4	22	12	57	0.0621214474297251
2011	4	22	18	43	0.0388259046435782
2011	4	23	18	43	0.0310607237148626
2011	4	24	18	43	0.0155303618574313
2011	4	25	18	43	0.00776518092871564
2011	4	26	8	38	0.00776518092871564
2011	4	29	13	55	0.00776518092871564
2011	4	29	17	31	0.0155303618574313
2011	4	30	21	36	0.0155303618574313
2011	5	2	13	12	0.0388259046435782
2011	5	9	11	45	0.00776518092871564
2011	5	10	7	26	0.0155303618574313
2011	5	11	11	31	0.0155303618574313
2011	5	21	10	4	0.287311694362479
2011	5	21	18	0	0.745457369156701
2011	5	22	1	55	0.543562665010095
2011	5	22	10	4	0.543562665010095
2011	5	23	10	4	0.535797484081379
2011	5	30	13	26	0.0232955427861469
2011	6	1	14	24	0.0155303618574313
2011	6	8	9	21	0.00776518092871564
2011	6	15	17	45	0.0388259046435782
2011	6	17	17	16	0.0232955427861469
2011	6	22	12	0	0.0310607237148626
2011	6	23	17	2	0.00776518092871564
2011	6	26	13	40	0.0388259046435782
2012	3	12	18	0	0.132008075788166
2012	3	12	23	2	0.396024227364498
2012	3	13	7	55	0.465910855722938
2012	3	13	17	2	0.419319770150645
2012	3	14	5	2	0.240720608790185
2012	3	14	13	55	0.085416990215872
2012	3	15	18	57	0.0232955427861469
2012	3	19	11	16	0.0155303618574313
2012	3	21	13	26	-0.861935083087436
2012	3	24	11	16	-0.861935083087436
2012	7	12	9	50	0.0155303618574313
2012	7	12	12	0	0.0388259046435782
2013	4	27	15	36	0.892995806802298
2013	4	28	3	36	0.691101102655692
2013	4	28	12	43	0.256250970647616
2013	4	29	0	57	0.17859916136046
2013	4	29	9	50	0.271781332505047
2013	4	30	10	4	0.12424289485945
2013	5	1	10	19	0.0931821711445877
2013	5	2	19	12	0.0698866283584408
2013	5	3	18	14	0.0310607237148626
2013	5	5	10	48	0.0155303618574313
2013	5	6	14	9	0.00776518092871564
2013	5	7	13	12	0.00776518092871564
2013	5	8	13	12	0.00776518092871564
2013	5	8	16	33	0.00776518092871564
2013	5	9	12	43	0.00776518092871564
2013	5	11	13	26	0.00776518092871564
2013	5	14	11	45	0.00776518092871564
2013	5	19	9	36	0.0310607237148626
2013	5	20	12	28	0.349433141792204
2013	5	21	14	38	0.287311694362479
2013	5	23	17	16	0.0232955427861469
2013	5	29	14	24	0.00776518092871564
2013	5	30	23	16	0.085416990215872
2013	5	31	11	16	0.372728684578351
2013	5	31	23	2	0.287311694362479
2013	6	1	14	9	0.357198322720919
2013	6	3	5	2	0.0232955427861469
2013	6	6	17	45	0.00776518092871564
2013	7	22	12	14	0.0155303618574313
2013	7	25	8	38	0.0155303618574313
2014	4	8	16	19	0.232955427861469
2014	4	9	18	14	0.271781332505047
2014	4	10	18	0	0.217425066004038
2014	4	13	14	38	0.085416990215872
2014	4	25	15	36	0.0232955427861469
2014	4	28	19	40	0.0310607237148626
2014	5	21	13	26	0.0465910855722938
2014	6	5	13	40	0.0310607237148626
2014	6	30	9	36	0.0465910855722938
2014	7	2	10	48	0.0232955427861469
