"Steppler	Basin	(Diogo)"					
"WQ_STC_MS_9C_NO3NO2_(mg_l)	1	mg/l"					
2005	3	31	18	57	23.426
2005	4	1	11	2	24.31
2005	4	1	18	57	27.404
2005	4	2	6	57	30.056
2005	4	2	18	43	26.52
2005	4	3	6	43	25.636
2005	4	3	17	16	22.984
2005	4	4	1	12	22.1
2005	4	4	9	21	21.658
2005	4	4	17	45	18.564
2005	4	5	9	50	15.912
2005	4	6	1	40	13.26
2005	4	6	13	26	12.9506
2005	4	6	17	45	12.376
2005	4	7	5	45	9.6356
2005	4	7	17	45	8.6632
2005	4	8	5	45	6.8068
2005	4	9	2	24	3.5802
2005	4	10	2	24	3.1824
2005	4	11	2	24	3.0498
2005	4	12	2	24	2.9172
2005	4	14	12	0	0.3536
2005	5	9	13	26	1.0166
2005	5	21	9	36	4.641
2005	5	21	13	26	7.2488
2005	5	21	18	28	4.5968
2005	5	22	5	31	4.42
2005	5	22	15	36	4.0664
2005	5	23	7	26	1.4144
2005	5	30	13	26	1.105
2005	6	8	20	24	6.0112
2005	6	9	4	33	3.4034
2005	6	9	16	33	7.072
2005	6	10	0	28	6.0996
2005	6	12	3	36	8.2212
2005	6	12	15	36	9.1936
2005	6	13	7	26	9.1052
2005	6	13	20	24	10.4312
2005	6	14	4	33	21.658
2005	6	14	16	33	27.846
2005	6	15	4	33	19.006
2005	6	16	7	26	9.6356
2005	6	27	4	33	8.0444
2005	6	28	3	36	5.6576
2005	6	29	9	36	1.9448
2005	6	29	17	31	3.8454
2005	6	30	5	31	1.9448
2005	6	30	17	31	2.1658
2005	7	1	5	31	2.9172
2005	7	1	18	28	2.2542
2005	7	2	22	33	1.989
2005	7	8	17	31	0.9282
2005	7	11	8	24	0.9724
2005	7	17	13	26	1.105
2005	7	18	3	36	1.1934
2006	4	2	22	33	14.586
2006	4	3	14	24	16.6634
2006	4	3	22	33	19.006
2006	4	4	6	28	13.481
2006	4	4	14	24	10.829
2006	4	4	22	33	10.9616
2006	4	5	6	28	12.0666
2006	4	5	15	36	9.6356
2006	4	5	23	31	11.05
2006	4	6	7	26	12.376
2006	4	6	13	26	12.818
2006	4	7	18	28	12.818
2006	4	8	10	33	12.597
2006	4	8	16	33	10.608
2006	4	9	4	33	9.945
2006	4	9	16	33	8.177
2006	4	10	4	33	8.5306
2006	4	10	17	31	6.851
2006	4	11	5	31	9.061
2006	4	11	17	31	6.0996
2006	4	12	13	26	5.8344
2006	4	12	18	28	5.304
2006	4	13	6	28	5.1272
2006	4	19	12	28	0.442
2006	4	26	13	26	0.9282
2006	5	11	15	36	1.0166
2006	5	25	12	28	0.4862
2006	5	29	9	36	1.547
2007	3	22	10	33	19.448
2007	3	23	11	31	15.47
2007	3	23	19	26	12.4644
2007	3	24	3	36	10.3428
2007	3	24	16	33	8.619
2007	3	25	4	33	8.619
2007	3	25	16	33	9.1494
2007	3	25	22	33	10.9616
2007	3	26	18	28	11.934
2007	3	27	12	28	9.3704
2007	3	28	13	26	7.8234
2007	3	29	3	36	7.2488
2007	3	29	10	33	8.619
2007	4	16	13	26	1.547
2007	4	26	12	28	1.547
2007	5	7	13	26	0.3536
2007	5	22	0	28	4.199
2007	5	22	4	33	1.1934
2007	5	22	12	28	1.326
2007	5	22	13	26	1.105
2007	5	22	15	36	1.547
2007	5	22	23	31	1.1934
2007	5	23	11	31	3.8012
2007	5	27	11	31	0.1768
2007	5	28	14	24	0.3094
2007	5	30	13	26	0.5304
2007	5	31	13	26	0.221
2007	6	5	8	24	1.7238
2007	6	7	11	31	0.7956
2007	6	7	14	24	0.2652
2007	6	8	12	28	0.1326
2007	6	18	9	36	0.0884
2007	6	22	5	31	0.1768
2007	6	24	10	33	0.0884
2007	6	25	6	28	0.221
2007	6	25	10	33	0.1768
2007	6	25	14	24	0.0442
2007	6	25	22	33	0.3978
2007	6	26	2	24	0.0442
2007	6	26	6	28	0.0442
2007	6	26	9	36	0.0884
2007	6	26	19	26	0.0442
2007	6	27	13	26	0.221
2007	6	28	14	24	0.442
2007	7	3	12	28	1.4144
2007	7	10	3	36	0.1768
2007	7	10	7	26	0.0884
2007	7	10	10	33	0.0442
2007	7	10	19	26	0.0442
2007	7	11	9	36	0.1326
2008	4	5	15	21	27.846
2008	4	6	10	48	12.6854
2008	4	6	17	45	8.7074
2008	4	7	12	14	10.166
2008	4	8	10	48	9.3704
2008	4	9	11	16	9.5472
2008	4	10	8	9	6.7184
2008	4	10	12	43	5.8344
2008	4	11	7	40	3.8454
2008	4	11	12	14	4.3758
2008	4	12	6	14	3.978
2008	4	12	19	12	5.2156
2008	4	13	10	19	4.1548
2008	4	13	20	9	4.9504
2008	4	14	9	21	2.9614
2008	4	15	13	12	1.6796
2008	4	16	8	9	0.9724
2008	4	16	15	21	1.8564
2008	4	17	7	40	1.989
2008	4	17	15	50	2.6078
2008	4	18	16	19	4.0222
2008	4	29	13	40	0.442
2008	5	13	10	19	0.4862
2008	6	6	13	12	7.293
2008	6	6	17	16	2.2542
2008	6	6	23	16	0.7072
2008	6	7	5	16	0.3536
2008	6	7	9	21	0.2652
2008	6	8	14	9	0.2652
2008	6	10	9	21	0.1326
2008	6	12	2	9	1.5028
2008	6	12	5	16	1.5028
2008	6	12	10	48	0.221
2008	6	12	20	9	0.0442
2008	6	13	7	40	0.0884
2008	6	17	15	50	1.0166
2008	6	19	11	45	0.3094
2008	6	28	9	50	1.326
2008	10	13	13	40	0.3094
2009	3	23	3	50	1.9448
2009	3	23	9	50	6.63
2009	3	23	12	43	5.746
2009	3	23	15	50	4.862
2009	3	23	21	21	5.5692
2009	3	24	6	43	5.3924
2009	3	26	10	48	5.9228
2009	4	2	10	48	3.978
2009	4	4	14	38	5.083
2009	4	6	10	19	4.7736
2009	4	11	10	48	3.0056
2009	4	12	11	16	7.9118
2009	4	12	17	16	1.2818
2009	4	13	5	16	6.851
2009	4	13	14	9	8.5306
2009	4	14	2	9	8.0886
2009	4	14	11	16	8.619
2009	4	14	19	40	2.6078
2009	4	15	10	48	5.5692
2009	4	15	17	16	5.2156
2009	4	16	8	9	6.63
2009	4	16	20	9	6.0996
2009	4	17	12	43	5.746
2009	4	20	11	16	6.188
2009	4	23	10	48	1.5912
2009	4	29	10	19	0.2652
2009	4	29	22	48	0.5304
2009	4	30	4	48	3.1824
2009	4	30	10	19	3.4034
2009	4	30	15	50	3.0498
2009	5	1	9	21	3.9338
2009	5	25	10	19	5.4808
2009	5	25	13	12	4.8178
2009	5	26	7	40	4.42
2009	5	28	10	19	0.3536
2010	3	15	17	2	27.846
2010	3	15	23	2	30.498
2010	3	16	12	43	30.498
2010	3	16	15	36	28.73
2010	3	16	21	36	22.984
2010	3	17	5	45	30.056
2010	3	17	9	50	26.962
2010	3	18	10	19	27.404
2010	3	18	16	4	23.868
2010	3	18	16	19	22.1
2010	3	19	12	14	16.796
2010	3	20	15	21	12.818
2010	3	21	15	50	13.26
2010	3	22	16	19	12.376
2010	3	23	11	2	10.166
2010	3	24	11	45	7.3814
2010	3	26	11	2	4.6852
2010	3	28	14	9	4.42
2010	3	28	20	9	6.188
2010	3	29	8	9	5.304
2010	3	29	18	28	6.188
2010	3	30	9	36	8.84
2010	3	30	20	9	8.398
2010	3	31	11	16	8.398
2010	3	31	23	16	6.63
2010	4	3	10	33	3.536
2010	4	4	12	43	15.47
2010	4	5	12	28	16.354
2010	4	7	13	26	0.6188
2010	4	11	12	43	0.0442
2010	4	22	12	14	0.7514
2010	5	2	14	52	0.1768
2010	5	4	16	33	0.6188
2010	5	4	22	33	6.851
2010	5	5	4	33	4.42
2010	5	5	14	52	31.382
2010	5	6	0	0	33.15
2010	5	6	11	31	28.73
2010	5	7	9	21	14.586
2010	5	11	9	21	0.4862
2010	5	18	10	4	3.978
2010	5	25	8	38	2.21
2010	5	27	10	33	2.0774
2010	5	28	8	24	6.188
2010	5	28	11	31	59.67
2010	5	28	15	36	28.288
2010	5	28	21	36	16.9728
2010	5	29	6	28	31.824
2010	5	29	11	31	11.492
2010	5	29	13	40	15.8236
2010	5	29	22	33	40.664
2010	5	30	4	33	17.68
2010	6	1	14	38	1.1492
2010	6	9	15	21	0.663
2010	6	11	22	19	15.028
2010	6	12	8	38	3.978
2010	6	12	16	48	1.0608
2010	6	21	20	9	10.166
2010	6	22	5	16	0.5304
2010	6	22	12	0	0.3536
2010	9	2	10	19	0.1768
2010	9	2	19	12	0.663
2010	9	3	10	48	0.5304
2010	9	9	12	14	0.0884
2010	9	10	3	21	1.2818
2010	9	10	6	14	0.1326
2010	9	10	18	43	0.1768
2010	9	11	3	50	0.442
2010	9	11	13	26	0.4862
2010	9	23	6	28	0.7072
2010	9	23	15	36	0.7072
2010	9	24	3	36	0.6188
2010	9	24	13	40	0.1768
2010	9	25	13	55	0.442
2010	9	26	13	40	0.884
2010	10	26	14	24	6.6742
2010	10	27	2	9	4.0664
2010	10	27	14	24	2.6078
2010	10	28	11	45	5.2598
2010	10	29	13	12	2.6078
2011	4	2	10	48	12.2434
2011	4	2	21	36	7.072
2011	4	3	5	31	8.2654
2011	4	3	13	40	9.1936
2011	4	4	14	24	9.3704
2011	4	5	14	52	10.7406
2011	4	6	7	55	5.8344
2011	4	6	12	0	5.967
2011	4	7	0	57	5.7018
2011	4	7	12	57	3.757
2011	4	8	0	57	8.4422
2011	4	8	9	7	7.7792
2011	4	8	16	19	17.017
2011	4	9	4	19	16.2214
2011	4	9	7	40	14.7186
2011	4	9	15	50	16.0888
2011	4	9	23	45	15.8236
2011	4	10	23	31	15.249
2011	4	11	15	36	12.2434
2011	4	12	11	16	11.0942
2011	4	12	19	12	7.6908
2011	4	18	16	19	3.315
2011	4	20	19	55	1.8564
2011	4	22	12	57	3.0056
2011	4	22	18	43	2.8288
2011	4	23	18	43	1.4586
2011	4	24	18	43	0.9724
2011	4	25	18	43	0.9724
2011	4	26	8	38	1.6354
2011	4	29	13	55	0.5746
2011	4	29	17	31	0.663
2011	4	30	21	36	0.5304
2011	5	2	13	12	0.442
2011	5	9	11	45	0
2011	5	10	7	26	0.1768
2011	5	11	11	31	0.1768
2011	5	21	10	4	10.3428
2011	5	21	18	0	11.8014
2011	5	22	1	55	2.873
2011	5	22	10	4	1.4144
2011	5	23	10	4	4.2432
2011	5	30	13	26	15.6468
2011	6	1	14	24	19.669
2011	6	8	9	21	0.663
2011	6	15	17	45	16.354
2011	6	17	17	16	1.9448
2011	6	22	12	0	26.962
2011	6	23	17	2	18.122
2011	6	26	13	40	2.3868
2012	3	12	18	0	7.4256
2012	3	12	23	2	7.1604
2012	3	13	7	55	9.945
2012	3	13	17	2	15.912
2012	3	14	5	2	13.2158
2012	3	14	13	55	16.354
2012	3	15	18	57	16.3098
2012	3	19	11	16	1.4144
2012	3	21	13	26	6.4532
2012	3	24	11	16	13.3926
2012	7	12	9	50	3.8896
2012	7	12	12	0	3.8896
2013	4	27	15	36	10.2102
2013	4	28	3	36	9.6798
2013	4	28	12	43	4.3758
2013	4	29	0	57	10.4754
2013	4	29	9	50	9.7682
2013	4	30	10	4	10.3428
2013	5	2	19	12	9.061
2013	5	3	18	14	7.6908
2013	5	5	10	48	4.3316
2013	5	6	14	9	3.315
2013	5	7	13	12	1.8122
2013	5	8	13	12	3.0056
2013	5	8	16	33	0.884
2013	5	9	12	43	0.7514
2013	5	11	13	26	1.1934
2013	5	14	11	45	1.0608
2013	5	19	9	36	0.9282
2013	5	20	12	28	10.4754
2013	5	21	14	38	10.0776
2013	5	23	17	16	1.768
2013	5	29	14	24	0.8398
2013	5	30	23	16	18.6966
2013	5	31	11	16	20.774
2013	5	31	23	2	14.0998
2013	6	1	14	9	13.039
2013	6	3	5	2	2.1658
2013	6	6	17	45	0.7956
2013	7	22	12	14	0.663
2013	7	25	8	38	0.663
2014	4	8	16	19	6.5858
2014	4	9	18	14	3.6244
2014	4	10	18	0	13.3042
2014	4	13	14	38	10.6522
2014	4	25	15	36	1.4586
2014	4	28	19	40	1.6796
2014	5	21	13	26	0.442
2014	6	5	13	40	3.536
2014	6	30	9	36	0.6188
2014	7	2	10	48	0.663
