"Steppler	Basin	(Diogo)"					
"WQ_STC_MS_9C_TDN_(mg_l)]	1	mg/l"					
2005	3	31	18	57	6.56
2005	4	1	11	2	6.94
2005	4	1	18	57	7.46
2005	4	2	6	57	7.98
2005	4	2	18	43	6.92
2005	4	3	6	43	6.66
2005	4	3	17	16	5.87
2005	4	4	1	12	5.82
2005	4	4	9	21	5.81
2005	4	4	17	45	5.46
2005	4	5	9	50	4.9
2005	4	6	1	40	4.07
2005	4	6	13	26	3.87
2005	4	6	17	45	3.95
2005	4	7	5	45	3.38
2005	4	7	17	45	3.05
2005	4	8	5	45	2.49
2005	4	9	2	24	1.55
2005	4	10	2	24	1.37
2005	4	11	2	24	1.74
2005	4	12	2	24	1.99
2005	4	14	12	0	1.3
2005	5	9	13	26	2.06
2005	5	21	9	36	2.15
2005	5	21	13	26	3.2
2005	5	21	18	28	3.06
2005	5	22	5	31	2.49
2005	5	22	15	36	2.34
2005	5	23	7	26	1.49
2005	5	30	13	26	1.17
2005	6	8	20	24	3.12
2005	6	9	4	33	2.8
2005	6	9	16	33	3.07
2005	6	10	0	28	2.74
2005	6	12	3	36	3.33
2005	6	12	15	36	3.8
2005	6	13	7	26	3.39
2005	6	13	20	24	3.63
2005	6	14	4	33	6.33
2005	6	14	16	33	7.52
2005	6	15	4	33	5.6
2005	6	16	7	26	3.49
2005	6	27	4	33	3.09
2005	6	28	3	36	2.93
2005	6	29	9	36	1.56
2005	6	29	17	31	2.11
2005	6	30	5	31	1.83
2005	6	30	17	31	1.85
2005	7	1	5	31	1.94
2005	7	1	18	28	1.59
2005	7	2	22	33	1.58
2005	7	8	17	31	1.48
2005	7	11	8	24	1.6
2005	7	17	13	26	1.48
2005	7	18	3	36	1.64
2006	4	2	22	33	4.96
2006	4	3	14	24	5.41
2006	4	3	22	33	5.69
2006	4	4	6	28	4.6
2006	4	4	14	24	4.41
2006	4	4	22	33	3.99
2006	4	5	6	28	4.18
2006	4	5	15	36	3.78
2006	4	5	23	31	4.04
2006	4	6	7	26	4.21
2006	4	6	13	26	4.23
2006	4	7	18	28	4.07
2006	4	8	10	33	4.17
2006	4	8	16	33	3.32
2006	4	9	4	33	3.27
2006	4	9	16	33	2.72
2006	4	10	4	33	2.84
2006	4	10	17	31	2.51
2006	4	11	5	31	2.96
2006	4	11	17	31	2.22
2006	4	12	13	26	2.03
2006	4	12	18	28	1.96
2006	4	13	6	28	1.89
2006	4	19	12	28	0.99
2006	4	26	13	26	0.68
2006	5	11	15	36	1.04
2006	5	25	12	28	1.61
2006	5	29	9	36	1.5
2007	3	22	10	33	6.47
2007	3	23	11	31	5.71
2007	3	23	19	26	4.67
2007	3	24	3	36	4.2
2007	3	24	16	33	3.38
2007	3	25	4	33	3.3
2007	3	25	16	33	3.06
2007	3	25	22	33	3.63
2007	3	26	18	28	3.45
2007	3	27	12	28	3.25
2007	3	28	13	26	2.72
2007	3	29	3	36	2.5
2007	3	29	10	33	2.87
2007	4	16	13	26	1.13
2007	4	26	12	28	0.98
2007	5	7	13	26	1.01
2007	5	22	0	28	1.48
2007	5	22	4	33	1.47
2007	5	22	12	28	1.46
2007	5	22	13	26	1.41
2007	5	22	15	36	1.55
2007	5	22	23	31	1.36
2007	5	23	11	31	1.91
2007	5	27	11	31	0.84
2007	5	28	14	24	0.79
2007	5	30	13	26	0.79
2007	5	31	13	26	0.8
2007	6	5	8	24	1.03
2007	6	7	11	31	1.08
2007	6	7	14	24	1.08
2007	6	8	12	28	0.95
2007	6	18	9	36	1.07
2007	6	22	5	31	1.13
2007	6	24	10	33	1.25
2007	6	25	6	28	0.95
2007	6	25	10	33	1.24
2007	6	25	14	24	1.28
2007	6	25	22	33	1.21
2007	6	26	2	24	1.48
2007	6	26	6	28	1.53
2007	6	26	9	36	1.38
2007	6	26	19	26	1.41
2007	6	27	13	26	1.1
2007	6	28	14	24	1.17
2007	7	3	12	28	1.18
2007	7	10	3	36	0.98
2007	7	10	7	26	1.35
2007	7	10	10	33	1.28
2007	7	10	19	26	1.16
2007	7	11	9	36	1.01
2008	4	5	15	21	7.05
2008	4	6	10	48	3.91
2008	4	6	17	45	2.74
2008	4	7	12	14	3.2
2008	4	8	10	48	2.92
2008	4	9	11	16	2.78
2008	4	10	8	9	2.21
2008	4	10	12	43	2.09
2008	4	11	7	40	1.72
2008	4	11	12	14	1.66
2008	4	12	6	14	1.49
2008	4	12	19	12	1.81
2008	4	13	10	19	1.49
2008	4	13	20	9	1.79
2008	4	14	9	21	1.26
2008	4	15	13	12	0.89
2008	4	16	8	9	0.6
2008	4	16	15	21	0.87
2008	4	17	7	40	0.95
2008	4	17	15	50	1.16
2008	4	18	16	19	1.44
2008	4	29	13	40	0.53
2008	5	13	10	19	0.73
2008	6	6	13	12	2.33
2008	6	6	17	16	1.73
2008	6	6	23	16	1.49
2008	6	7	5	16	1.5
2008	6	7	9	21	1.38
2008	6	8	14	9	0.96
2008	6	10	9	21	0.8
2008	6	12	2	9	1.03
2008	6	12	5	16	1.11
2008	6	12	10	48	0.92
2008	6	12	20	9	0.82
2008	6	13	7	40	0.93
2008	6	17	15	50	0.87
2008	6	19	11	45	0.93
2008	6	28	9	50	0.87
2008	10	13	13	40	1.07
2009	3	23	3	50	1.1
2009	3	23	9	50	3
2009	3	23	12	43	2.5
2009	3	23	21	21	2.91
2009	3	26	10	48	2.68
2009	4	2	10	48	2.51
2009	4	4	14	38	2.28
2009	4	6	10	19	2.15
2009	4	11	10	48	1.38
2009	4	12	11	16	2.02
2009	4	12	17	16	2.05
2009	4	13	5	16	2.08
2009	4	13	14	9	2.36
2009	4	14	2	9	2.21
2009	4	14	11	16	2.58
2009	4	14	19	40	2.21
2009	4	15	10	48	2.29
2009	4	15	17	16	2.05
2009	4	16	8	9	2.56
2009	4	16	20	9	2.09
2009	4	17	12	43	2.05
2009	4	20	11	16	1.5
2009	4	23	10	48	0.88
2009	4	29	10	19	0.52
2009	4	29	22	48	0.77
2009	4	30	4	48	1.37
2009	4	30	10	19	1.92
2009	4	30	15	50	1.81
2009	5	1	9	21	15.04
2009	5	25	10	19	12.66
2009	5	25	13	12	1.74
2009	5	26	7	40	1.21
2009	5	28	10	19	0.57
2010	3	15	17	2	6.45
2010	3	15	23	2	7.14
2010	3	16	12	43	7.29
2010	3	16	15	36	7.38
2010	3	16	21	36	6.14
2010	3	17	5	45	5.85
2010	3	17	9	50	7.21
2010	3	18	10	19	5.07
2010	3	18	16	4	6.5
2010	3	18	16	19	5.12
2010	3	19	12	14	4.85
2010	3	20	15	21	3.6
2010	3	21	15	50	3.86
2010	3	22	16	19	3.44
2010	3	23	11	2	2.95
2010	3	24	11	45	2.62
2010	3	26	11	2	2.05
2010	3	28	14	9	1.87
2010	3	28	20	9	1.67
2010	3	29	8	9	2.02
2010	3	29	18	28	1.93
2010	3	30	9	36	2.56
2010	3	30	20	9	2.45
2010	3	31	11	16	2.37
2010	3	31	23	16	2.08
2010	4	3	10	33	1.52
2010	4	4	12	43	3.71
2010	4	5	12	28	3.84
2010	4	7	13	26	0.75
2010	4	11	12	43	0.74
2010	4	22	12	14	0.75
2010	5	2	14	52	1.08
2010	5	4	16	33	0.93
2010	5	4	22	33	2.51
2010	5	5	4	33	2.5
2010	5	5	14	52	6.75
2010	5	6	0	0	7.54
2010	5	6	11	31	6.71
2010	5	7	9	21	3.78
2010	5	11	9	21	0.97
2010	5	18	10	4	1.54
2010	5	25	8	38	1.65
2010	5	27	10	33	1.33
2010	5	28	8	24	2.21
2010	5	28	11	31	12.88
2010	5	28	15	36	6.2
2010	5	28	21	36	4.63
2010	5	29	6	28	5.02
2010	5	29	11	31	3.21
2010	5	29	13	40	4.12
2010	5	29	22	33	9.11
2010	5	30	4	33	4.53
2010	6	1	14	38	1.13
2010	6	9	15	21	1.05
2010	6	11	22	19	3.76
2010	6	12	8	38	1.75
2010	6	12	16	48	1.31
2010	6	21	20	9	1.31
2010	6	22	5	16	1.08
2010	6	22	12	0	1.04
2010	9	2	10	19	1.5
2010	9	2	19	12	1.48
2010	9	3	10	48	1.36
2010	9	9	12	14	1.26
2010	9	10	3	21	1.23
2010	9	10	6	14	1.13
2010	9	10	18	43	1.45
2010	9	11	3	50	1.38
2010	9	11	13	26	1.06
2010	9	23	6	28	1.03
2010	9	23	15	36	1
2010	9	24	3	36	1.21
2010	9	24	13	40	1.14
2010	9	25	13	55	1.03
2010	9	26	13	40	1.06
2010	10	26	14	24	2.72
2010	10	27	2	9	2.18
2010	10	27	14	24	1.62
2010	10	28	11	45	2.12
2010	10	29	13	12	1.25
2011	4	2	10	48	6.21
2011	4	2	21	36	3.58
2011	4	3	5	31	3.93
2011	4	3	13	40	4.23
2011	4	4	14	24	3.97
2011	4	5	14	52	4.17
2011	4	6	7	55	4.24
2011	4	6	12	0	4.32
2011	4	7	0	57	4.14
2011	4	7	12	57	2.45
2011	4	8	0	57	5.66
2011	4	8	9	7	5.68
2011	4	8	16	19	5.52
2011	4	9	4	19	5.74
2011	4	9	7	40	5.06
2011	4	9	15	50	5.365
2011	4	9	23	45	4.98
2011	4	10	23	31	4.82
2011	4	11	15	36	3.25
2011	4	12	11	16	4.01
2011	4	12	19	12	2.97
2011	4	18	16	19	1.44
2011	4	20	19	55	1.17
2011	4	22	12	57	1.42
2011	4	22	18	43	1.36
2011	4	23	18	43	1.06
2011	4	24	18	43	0.87
2011	4	25	18	43	0.84
2011	4	26	8	38	1.01
2011	4	29	13	55	0.77
2011	4	29	17	31	0.81
2011	4	30	21	36	0.66
2011	5	2	13	12	0.7
2011	5	9	11	45	0.99
2011	5	10	7	26	0.85
2011	5	11	11	31	0.87
2011	5	21	10	4	3.47
2011	5	21	18	0	4.77
2011	5	22	1	55	2.37
2011	5	22	10	4	1.92
2011	5	23	10	4	2.7
2011	5	30	13	26	4.13
2011	6	1	14	24	5.05
2011	6	8	9	21	0.86
2011	6	15	17	45	4.46
2011	6	17	17	16	1.33
2011	6	22	12	0	6.5
2011	6	23	17	2	4.74
2011	6	26	13	40	1.64
2012	3	12	18	0	3.5
2012	3	12	23	2	4.32
2012	3	13	7	55	4.9
2012	3	13	17	2	5.53
2012	3	14	5	2	5.12
2012	3	14	13	55	5.42
2012	3	15	18	57	4.98
2012	3	19	11	16	1.4
2012	3	21	13	26	2.41
2012	3	24	11	16	3.73
2012	7	12	9	50	2.12
2012	7	12	12	0	2.5
2013	4	27	15	36	4.48
2013	4	28	3	36	4.11
2013	4	28	12	43	2.87
2013	4	29	0	57	3.43
2013	4	29	9	50	3.75
2013	4	30	10	4	3.4
2013	5	1	10	19	3.02
2013	5	2	19	12	2.94
2013	5	3	18	14	2.65
2013	5	5	10	48	1.66
2013	5	6	14	9	1.47
2013	5	7	13	12	1.08
2013	5	8	13	12	0.92
2013	5	8	16	33	0.87
2013	5	9	12	43	0.87
2013	5	11	13	26	1.02
2013	5	14	11	45	1.09
2013	5	19	9	36	1.12
2013	5	20	12	28	3.66
2013	5	21	14	38	3.39
2013	5	23	17	16	1.47
2013	5	29	14	24	0.86
2013	5	30	23	16	4.64
2013	5	31	11	16	5.64
2013	5	31	23	2	4.04
2013	6	1	14	9	4.06
2013	6	3	5	2	1.49
2013	6	6	17	45	0.77
2013	7	22	12	14	0.86
2013	7	25	8	38	0.82
2014	4	8	16	19	2.78
2014	4	9	18	14	3.49
2014	4	10	18	0	4.78
2014	4	13	14	38	2.88
2014	4	25	15	36	1.09
2014	4	28	19	40	0.93
2014	5	21	13	26	0.66
2014	6	5	13	40	2.08
2014	6	30	9	36	1.42
2014	7	2	10	48	1.3
