"Steppler	Basin	(Diogo)"					
"WQ_STC_MS_9C_TN_(mg_l)	1	mg/l"					
2005	3	31	18	57	7.22
2005	4	1	11	2	7.68
2005	4	1	18	57	8.03
2005	4	2	6	57	8.57
2005	4	2	18	43	7.56
2005	4	3	6	43	7.27
2005	4	3	17	16	6.56
2005	4	4	1	12	6.84
2005	4	4	9	21	7.62
2005	4	4	17	45	6.17
2005	4	5	9	50	5.48
2005	4	6	1	40	4.59
2005	4	6	13	26	4.2
2005	4	6	17	45	4.29
2005	4	7	5	45	3.62
2005	4	7	17	45	3.32
2005	4	8	5	45	2.65
2005	4	9	2	24	1.68
2005	4	10	2	24	1.54
2005	4	11	2	24	1.92
2005	4	12	2	24	2.13
2005	4	14	12	0	1.37
2005	5	9	13	26	2.16
2005	5	21	9	36	2.93
2005	5	21	13	26	4.15
2005	5	21	18	28	3.7
2005	5	22	5	31	2.79
2005	5	22	15	36	2.59
2005	5	23	7	26	1.69
2005	5	30	13	26	1.3
2005	6	8	20	24	3.95
2005	6	9	4	33	3.25
2005	6	9	16	33	3.4
2005	6	10	0	28	3.03
2005	6	12	3	36	4.13
2005	6	12	15	36	4.23
2005	6	13	7	26	3.62
2005	6	13	20	24	4.69
2005	6	14	4	33	6.99
2005	6	14	16	33	7.97
2005	6	15	4	33	5.93
2005	6	16	7	26	3.86
2005	6	27	4	33	5.62
2005	6	28	3	36	3.4
2005	6	29	9	36	4.33
2005	6	29	17	31	2.8
2005	6	30	5	31	2.27
2005	6	30	17	31	2.39
2005	7	1	5	31	2.27
2005	7	1	18	28	1.68
2005	7	2	22	33	1.66
2005	7	8	17	31	1.77
2005	7	11	8	24	2.11
2005	7	17	13	26	2.54
2005	7	18	3	36	1.93
2006	4	2	22	33	6.03
2006	4	3	14	24	6.08
2006	4	3	22	33	7.03
2006	4	4	6	28	5.05
2006	4	4	14	24	4.86
2006	4	4	22	33	4.27
2006	4	5	6	28	4.38
2006	4	5	15	36	4.43
2006	4	5	23	31	4.38
2006	4	6	7	26	4.49
2006	4	6	13	26	5.6
2006	4	7	18	28	4.7
2006	4	8	10	33	4.82
2006	4	8	16	33	4.11
2006	4	9	4	33	3.75
2006	4	9	16	33	3.36
2006	4	10	4	33	3.13
2006	4	10	17	31	2.87
2006	4	11	5	31	3.2
2006	4	11	17	31	2.45
2006	4	12	13	26	2.2
2006	4	12	18	28	2.1
2006	4	13	6	28	1.98
2006	4	19	12	28	1.13
2006	4	26	13	26	0.78
2006	5	11	15	36	1.17
2006	5	25	12	28	1.94
2006	5	29	9	36	1.71
2007	3	22	10	33	7.23
2007	3	23	11	31	6.28
2007	3	23	19	26	5.26
2007	3	24	3	36	4.67
2007	3	24	16	33	3.89
2007	3	25	4	33	3.64
2007	3	25	16	33	3.49
2007	3	25	22	33	4.16
2007	3	26	18	28	3.88
2007	3	27	12	28	3.52
2007	3	28	13	26	2.85
2007	3	29	3	36	2.92
2007	3	29	10	33	3.02
2007	4	16	13	26	1.24
2007	4	26	12	28	1.07
2007	5	7	13	26	1.12
2007	5	22	0	28	16.2
2007	5	22	4	33	2.23
2007	5	22	12	28	2.07
2007	5	22	13	26	1.79
2007	5	22	15	36	2.85
2007	5	22	23	31	1.77
2007	5	23	11	31	2.39
2007	5	27	11	31	0.89
2007	5	28	14	24	0.84
2007	5	30	13	26	0.83
2007	5	31	13	26	0.86
2007	6	5	8	24	1.39
2007	6	7	11	31	1.67
2007	6	7	14	24	1.44
2007	6	8	12	28	1.07
2007	6	18	9	36	1.23
2007	6	22	5	31	1.27
2007	6	24	10	33	1.38
2007	6	25	6	28	1.69
2007	6	25	10	33	1.74
2007	6	25	14	24	1.85
2007	6	25	22	33	1.47
2007	6	26	2	24	1.69
2008	4	5	15	21	7.23
2008	4	6	10	48	4.15
2008	4	6	17	45	2.94
2008	4	7	12	14	3.39
2008	4	8	10	48	3.09
2008	4	9	11	16	2.93
2008	4	10	8	9	2.35
2008	4	10	12	43	2.24
2008	4	11	7	40	1.84
2008	4	11	12	14	1.75
2008	4	12	6	14	1.61
2008	4	12	19	12	1.92
2008	4	13	10	19	1.62
2008	4	13	20	9	1.87
2008	4	14	9	21	1.35
2008	4	15	13	12	1
2008	4	16	8	9	0.69
2008	4	16	15	21	0.93
2008	4	17	7	40	0.99
2008	4	17	15	50	1.23
2008	4	18	16	19	1.5
2008	4	29	13	40	0.58
2008	5	13	10	19	0.84
2008	6	6	13	12	2.55
2008	6	6	17	16	2.19
2008	6	6	23	16	1.78
2008	6	7	5	16	1.75
2008	6	7	9	21	1.56
2008	6	8	14	9	1.04
2008	6	10	9	21	0.87
2008	6	12	2	9	1.15
2008	6	12	5	16	1.26
2008	6	12	10	48	1.09
2008	6	12	20	9	0.9
2008	6	13	7	40	0.97
2008	6	17	15	50	0.95
2008	6	19	11	45	0.96
2008	6	28	9	50	0.99
2008	10	13	13	40	1.23
2009	3	23	3	50	1.39
2009	3	23	9	50	3.67
2009	3	23	12	43	3.17
2009	3	23	15	50	3.07
2009	3	23	21	21	3.75
2009	3	24	6	43	3.48
2009	3	26	10	48	3.04
2009	4	2	10	48	2.63
2009	4	4	14	38	2.42
2009	4	6	10	19	2.22
2009	4	11	10	48	1.46
2009	4	12	11	16	2.6
2009	4	12	17	16	2.96
2009	4	13	5	16	2.46
2009	4	13	14	9	2.94
2009	4	14	2	9	2.6
2009	4	14	11	16	2.92
2009	4	14	19	40	3.76
2009	4	15	10	48	2.7
2009	4	15	17	16	2.49
2009	4	16	8	9	2.74
2009	4	16	20	9	2.32
2009	4	17	12	43	2.32
2009	4	20	11	16	1.6
2009	4	23	10	48	0.93
2009	4	29	10	19	0.58
2009	4	29	22	48	2.07
2009	4	30	4	48	2.17
2009	4	30	10	19	2.07
2009	4	30	15	50	2.08
2009	5	1	9	21	15.16
2009	5	25	10	19	12.98
2009	5	25	13	12	2.38
2009	5	26	7	40	1.43
2009	5	28	10	19	0.64
2010	3	15	17	2	7.06
2010	3	15	23	2	7.82
2010	3	16	12	43	7.79
2010	3	16	15	36	7.9
2010	3	16	21	36	6.55
2010	3	17	5	45	6.11
2010	3	17	9	50	7.66
2010	3	18	10	19	5.52
2010	3	18	16	4	6.74
2010	3	18	16	19	5.41
2010	3	19	12	14	5.11
2010	3	20	15	21	3.92
2010	3	21	15	50	4.05
2010	3	22	16	19	3.74
2010	3	23	11	2	3.09
2010	3	24	11	45	2.74
2010	3	26	11	2	2.24
2010	3	28	14	9	1.96
2010	3	28	20	9	1.77
2010	3	29	8	9	2.14
2010	3	29	18	28	2.08
2010	3	30	9	36	2.73
2010	3	30	20	9	2.73
2010	3	31	11	16	2.52
2010	3	31	23	16	2.25
2010	4	3	10	33	1.59
2010	4	4	12	43	3.77
2010	4	5	12	28	3.93
2010	4	7	13	26	0.83
2010	4	11	12	43	0.8
2010	4	22	12	14	0.81
2010	5	2	14	52	1.15
2010	5	4	16	33	1.17
2010	5	4	22	33	3.74
2010	5	5	4	33	3.31
2010	5	5	14	52	7.09
2010	5	6	0	0	7.78
2010	5	6	11	31	6.85
2010	5	7	9	21	3.83
2010	5	11	9	21	1.03
2010	5	18	10	4	1.65
2010	5	25	8	38	1.99
2010	5	27	10	33	1.4
2010	5	28	8	24	3.26
2010	5	28	11	31	15.22
2010	5	28	15	36	7.26
2010	5	28	21	36	5.25
2010	5	29	6	28	5.52
2010	5	29	11	31	3.38
2010	5	29	13	40	4.38
2010	5	29	22	33	10.03
2010	5	30	4	33	4.76
2010	6	1	14	38	1.21
2010	6	9	15	21	1.16
2010	6	11	22	19	4.34
2010	6	12	8	38	1.92
2010	6	12	16	48	1.45
2010	6	21	20	9	1.81
2010	6	22	5	16	1.22
2010	6	22	12	0	1.13
2010	9	2	10	19	1.68
2010	9	2	19	12	1.66
2010	9	3	10	48	1.45
2010	9	9	12	14	1.61
2010	9	10	3	21	1.67
2010	9	10	6	14	1.68
2010	9	10	18	43	1.68
2010	9	11	3	50	1.59
2010	9	11	13	26	1.15
2010	9	23	6	28	1.13
2010	9	23	15	36	1.13
2010	9	24	3	36	1.58
2010	9	24	13	40	1.27
2010	9	25	13	55	1.15
2010	9	26	13	40	1.17
2010	10	26	14	24	2.93
2010	10	27	2	9	2.5
2010	10	27	14	24	2.21
2010	10	28	11	45	2.21
2010	10	29	13	12	1.31
2011	4	2	10	48	6.39
2011	4	2	21	36	3.98
2011	4	3	5	31	4.56
2011	4	3	13	40	4.62
2011	4	4	14	24	4.18
2011	4	5	14	52	4.4
2011	4	6	7	55	4.52
2011	4	6	12	0	4.5
2011	4	7	0	57	4.32
2011	4	7	12	57	2.69
2011	4	8	0	57	5.83
2011	4	8	9	7	5.87
2011	4	8	16	19	5.71
2011	4	9	4	19	5.92
2011	4	9	7	40	5.23
2011	4	9	15	50	5.545
2011	4	9	23	45	5.15
2011	4	10	23	31	5.06
2011	4	11	15	36	3.89
2011	4	12	11	16	4.58
2011	4	12	19	12	3.33
2011	4	18	16	19	1.5
2011	4	20	19	55	1.25
2011	4	22	12	57	1.48
2011	4	22	18	43	1.45
2011	4	23	18	43	1.19
2011	4	24	18	43	0.96
2011	4	25	18	43	0.94
2011	4	26	8	38	1.13
2011	4	29	13	55	0.94
2011	4	29	17	31	0.91
2011	4	30	21	36	0.85
2011	5	2	13	12	0.82
2011	5	9	11	45	1.15
2011	5	10	7	26	0.91
2011	5	11	11	31	0.95
2011	5	21	10	4	4.3
2011	5	21	18	0	5.95
2011	5	22	1	55	5.98
2011	5	22	10	4	4.92
2011	5	23	10	4	3.03
2011	5	30	13	26	4.31
2011	6	1	14	24	5.22
2011	6	8	9	21	1.08
2011	6	15	17	45	4.73
2011	6	17	17	16	1.48
2011	6	22	12	0	7.27
2011	6	23	17	2	5.09
2011	6	26	13	40	1.8
2012	3	12	18	0	5.66
2012	3	12	23	2	5.81
2012	3	13	7	55	7.5
2012	3	13	17	2	9.76
2012	3	14	5	2	5.96
2012	3	14	13	55	7.88
2012	3	15	18	57	5.46
2012	3	19	11	16	1.49
2012	3	21	13	26	2.53
2012	3	24	11	16	3.81
2012	7	12	9	50	4.32
2012	7	12	12	0	3.31
2013	4	27	15	36	5.07
2013	4	28	3	36	4.66
2013	4	28	12	43	3.32
2013	4	29	0	57	3.88
2013	4	29	9	50	4.2
2013	5	1	10	19	3.39
2013	5	2	19	12	3.23
2013	5	3	18	14	2.94
2013	5	5	10	48	1.8
2013	5	6	14	9	1.63
2013	5	7	13	12	1.2
2013	5	8	13	12	0.99
2013	5	8	16	33	3.43
2013	5	9	12	43	1.03
2013	5	11	13	26	1.06
2013	5	14	11	45	1.16
2013	5	19	9	36	1.19
2013	5	20	12	28	4.43
2013	5	21	14	38	7.15
2013	5	23	17	16	1.55
2013	5	29	14	24	0.9
2013	5	30	23	16	5.57
2013	5	31	11	16	6.6
2013	5	31	23	2	5.43
2013	6	1	14	9	4.46
2013	6	3	5	2	2.34
2013	6	6	17	45	0.85
2013	7	22	12	14	0.91
2013	7	25	8	38	0.86
2014	4	8	16	19	3.22
2014	4	9	18	14	3.88
2014	4	10	18	0	5.07
2014	4	13	14	38	2.88
2014	4	25	15	36	1.09
2014	4	28	19	40	0.93
2014	5	21	13	26	0.66
2014	6	5	13	40	2.47
2014	6	30	9	36	1.58
2014	7	2	10	48	1.3
