"Steppler	Basin	(Diogo)"					
"WQ_STC_MS_9C_SUSPC_(mg_l)	1	mg/l"					
2005	3	31	18	57	4.05
2005	4	1	11	2	4.31
2005	4	1	18	57	3.09
2005	4	2	6	57	3.29
2005	4	2	18	43	4.12
2005	4	3	6	43	3.72
2005	4	3	17	16	4.88
2005	4	4	1	12	9.08
2005	4	4	9	21	20.03
2005	4	4	17	45	5.56
2005	4	5	9	50	4.99
2005	4	6	1	40	4.33
2005	4	6	13	26	2.41
2005	4	6	17	45	2.61
2005	4	7	5	45	1.94
2005	4	7	17	45	2.2
2005	4	8	5	45	1.39
2005	4	9	2	24	1.3
2005	4	10	2	24	1.51
2005	4	11	2	24	1.57
2005	4	12	2	24	1.24
2005	4	14	12	0	0.64
2005	5	9	13	26	0.89
2005	5	21	9	36	8.22
2005	5	21	13	26	8.8
2005	5	21	18	28	5.05
2005	5	22	5	31	2.44
2005	5	22	15	36	2.45
2005	5	23	7	26	2.17
2005	5	30	13	26	1.32
2005	6	8	20	24	7.2
2005	6	9	4	33	4.39
2005	6	9	16	33	3.33
2005	6	10	0	28	3.53
2005	6	12	3	36	8.62
2005	6	12	15	36	4.25
2005	6	13	7	26	2.56
2005	6	13	20	24	9.89
2005	6	14	4	33	5.85
2005	6	14	16	33	3.92
2005	6	15	4	33	3.11
2005	6	16	7	26	3.71
2005	6	27	4	33	25.2
2005	6	28	3	36	4.23
2005	6	29	9	36	28.57
2005	6	29	17	31	6
2005	6	30	5	31	3.78
2005	6	30	17	31	4.21
2005	7	1	5	31	2.68
2005	7	1	18	28	0.7
2005	7	2	22	33	0.69
2005	7	8	17	31	2.61
2005	7	11	8	24	4.22
2005	7	17	13	26	9.47
2005	7	18	3	36	2.18
2006	4	2	22	33	7.12
2006	4	3	14	24	5.08
2006	4	3	22	33	14.58
2006	4	4	6	28	2.65
2006	4	4	14	24	3.33
2006	4	4	22	33	2
2006	4	5	6	28	1.49
2006	4	5	15	36	4.56
2006	4	5	23	31	2.27
2006	4	6	7	26	1.71
2006	4	6	13	26	11.46
2006	4	7	18	28	5.01
2006	4	8	10	33	4.83
2006	4	8	16	33	5.89
2006	4	9	4	33	3.37
2006	4	9	16	33	5.07
2006	4	10	4	33	2.13
2006	4	10	17	31	2.61
2006	4	11	5	31	1.69
2006	4	11	17	31	1.6
2006	4	12	13	26	1.17
2006	4	12	18	28	1.05
2006	4	13	6	28	0.99
2006	4	19	12	28	1.02
2006	4	26	13	26	1
2006	5	11	15	36	0.99
2006	5	25	12	28	3.11
2006	5	29	9	36	2.44
2007	3	22	10	33	4.36
2007	3	23	11	31	3.42
2007	3	23	19	26	3.64
2007	3	24	3	36	3.02
2007	3	24	16	33	3.46
2007	3	25	4	33	2.21
2007	3	25	16	33	3.13
2007	3	25	22	33	4.3
2007	3	26	18	28	3.23
2007	3	27	12	28	2.28
2007	3	28	13	26	0.95
2007	3	29	3	36	3.68
2007	3	29	10	33	1.23
2007	4	16	13	26	1.04
2007	4	26	12	28	0.72
2007	5	7	13	26	0.94
2007	5	22	0	28	144.2
2007	5	22	4	33	6.52
2007	5	22	12	28	4.58
2007	5	22	13	26	3.07
2007	5	22	15	36	11.69
2007	5	22	23	31	3.51
2007	5	23	11	31	3.1
2007	5	27	11	31	0.75
2007	5	28	14	24	0.61
2007	5	30	13	26	0.48
2007	5	31	13	26	0.62
2007	6	5	8	24	3
2007	6	7	11	31	5.07
2007	6	7	14	24	3.11
2007	6	8	12	28	0.99
2007	6	18	9	36	1.35
2007	6	22	5	31	1.18
2007	6	24	10	33	1.09
2007	6	25	6	28	5.99
2007	6	25	10	33	4.67
2007	6	25	14	24	4.87
2007	6	25	22	33	2.19
2007	6	26	2	24	1.82
2008	4	5	15	21	1.33
2008	4	6	10	48	1.72
2008	4	6	17	45	1.89
2008	4	7	12	14	1.35
2008	4	8	10	48	1.4
2008	4	9	11	16	1.15
2008	4	10	8	9	1.51
2008	4	10	12	43	1.43
2008	4	11	7	40	1.04
2008	4	11	12	14	0.99
2008	4	12	6	14	0.96
2008	4	12	19	12	1.21
2008	4	13	10	19	1.04
2008	4	13	20	9	0.98
2008	4	14	9	21	0.95
2008	4	15	13	12	0.91
2008	4	16	8	9	0.62
2008	4	16	15	21	0.68
2008	4	17	7	40	0.41
2008	4	17	15	50	0.63
2008	4	18	16	19	0.56
2008	4	29	13	40	0.63
2008	5	13	10	19	0.89
2008	6	6	13	12	1.78
2008	6	6	17	16	3.83
2008	6	6	23	16	2.06
2008	6	7	5	16	1.86
2008	6	7	9	21	1.35
2008	6	8	14	9	0.8
2008	6	10	9	21	0.7
2008	6	12	2	9	1.44
2008	6	12	5	16	1.73
2008	6	12	10	48	2.32
2008	6	12	20	9	0.89
2008	6	13	7	40	0.57
2008	6	17	15	50	1
2008	6	19	11	45	0.69
2008	6	28	9	50	0.99
2008	10	13	13	40	1.22
2009	3	23	3	50	2.45
2009	3	23	9	50	3.48
2009	3	23	12	43	3.51
2009	3	23	15	50	3.2
2009	3	23	21	21	4.01
2009	3	24	6	43	4.07
2009	3	26	10	48	2.06
2009	4	2	10	48	1.1
2009	4	4	14	38	0.9
2009	4	6	10	19	0.78
2009	4	11	10	48	0.74
2009	4	12	11	16	3.34
2009	4	12	17	16	5.67
2009	4	13	5	16	2.43
2009	4	13	14	9	3.62
2009	4	14	2	9	2.72
2009	4	14	11	16	2.33
2009	4	14	19	40	8.47
2009	4	15	10	48	2.58
2009	4	15	17	16	2.75
2009	4	16	8	9	1.33
2009	4	16	20	9	1.59
2009	4	17	12	43	1.85
2009	4	20	11	16	0.84
2009	4	23	10	48	0.53
2009	4	29	10	19	0.61
2009	4	29	22	48	13.79
2009	4	30	4	48	8.18
2009	4	30	10	19	1.37
2009	4	30	15	50	2
2009	5	1	9	21	0.97
2009	5	25	10	19	2.73
2009	5	25	13	12	6.7
2009	5	26	7	40	1.53
2009	5	28	10	19	0.71
2010	3	15	17	2	3.75
2010	3	15	23	2	4.12
2010	3	16	12	43	2.67
2010	3	16	15	36	2.83
2010	3	16	21	36	2.21
2010	3	17	5	45	1.65
2010	3	17	9	50	2.41
2010	3	18	10	19	4.13
2010	3	18	16	4	1.58
2010	3	18	16	19	1.95
2010	3	19	12	14	1.79
2010	3	20	15	21	2.4
2010	3	21	15	50	1.39
2010	3	22	16	19	2.64
2010	3	23	11	2	1.28
2010	3	24	11	45	1.47
2010	3	26	11	2	1.6
2010	3	28	14	9	0.95
2010	3	28	20	9	0.83
2010	3	29	8	9	0.92
2010	3	29	18	28	1.19
2010	3	30	9	36	1.36
2010	3	30	20	9	2.14
2010	3	31	11	16	1.48
2010	3	31	23	16	1.19
2010	4	3	10	33	0.79
2010	4	4	12	43	0.71
2010	4	5	12	28	0.75
2010	4	7	13	26	0.65
2010	4	11	12	43	0.45
2010	4	22	12	14	0.7
2010	5	2	14	52	0.72
2010	5	4	16	33	1.84
2010	5	4	22	33	12.83
2010	5	5	4	33	6.91
2010	5	5	14	52	3.08
2010	5	6	0	0	2.17
2010	5	6	11	31	1.07
2010	5	7	9	21	0.99
2010	5	11	9	21	0.65
2010	5	18	10	4	1.32
2010	5	25	8	38	2.64
2010	5	27	10	33	0.78
2010	5	28	8	24	10.18
2010	5	28	11	31	23.26
2010	5	28	15	36	9.14
2010	5	28	21	36	5.29
2010	5	29	6	28	4.43
2010	5	29	11	31	1.85
2010	5	29	13	40	2.4
2010	5	29	22	33	8.88
2010	5	30	4	33	2.08
2010	6	1	14	38	1.04
2010	6	9	15	21	1.2
2010	6	11	22	19	5.84
2010	6	12	8	38	1.75
2010	6	12	16	48	1.49
2010	6	21	20	9	5.08
2010	6	22	5	16	1.42
2010	6	22	12	0	0.91
2010	9	2	10	19	1.41
2010	9	2	19	12	1.49
2010	9	3	10	48	0.92
2010	9	9	12	14	2.67
2010	9	10	3	21	3.25
2010	9	10	6	14	4.12
2010	9	10	18	43	1.85
2010	9	11	3	50	1.66
2010	9	11	13	26	0.83
2010	9	23	6	28	0.96
2010	9	23	15	36	1.01
2010	9	24	3	36	3.03
2010	9	24	13	40	1.18
2010	9	25	13	55	1.18
2010	9	26	13	40	1.05
2010	10	26	14	24	1.68
2010	10	27	2	9	2.6
2010	10	27	14	24	5.1
2010	10	28	11	45	0.83
2010	10	29	13	12	0.57
2011	4	2	10	48	1.31
2011	4	2	21	36	2.87
2011	4	3	5	31	4.74
2011	4	3	13	40	2.72
2011	4	4	14	24	1.23
2011	4	5	14	52	1.48
2011	4	6	7	55	3.13
2011	4	6	12	0	1.23
2011	4	7	0	57	1.18
2011	4	7	12	57	1.7
2011	4	8	0	57	1.13
2011	4	8	9	7	1.17
2011	4	8	16	19	1.31
2011	4	9	4	19	1.16
2011	4	9	7	40	1.34
2011	4	9	15	50	1.205
2011	4	9	23	45	1.28
2011	4	10	23	31	1.77
2011	4	11	15	36	5.85
2011	4	12	11	16	4.81
2011	4	12	19	12	2.9
2011	4	18	16	19	0.89
2011	4	20	19	55	0.91
2011	4	22	12	57	0.78
2011	4	22	18	43	1.03
2011	4	23	18	43	1.34
2011	4	24	18	43	1.04
2011	4	25	18	43	1.15
2011	4	26	8	38	1.33
2011	4	29	13	55	1.91
2011	4	29	17	31	1.27
2011	4	30	21	36	2.57
2011	5	2	13	12	1.29
2011	5	9	11	45	1.7
2011	5	10	7	26	0.88
2011	5	11	11	31	0.97
2011	5	21	10	4	7.63
2011	5	21	18	0	11.97
2011	5	22	1	55	41.02
2011	5	22	10	4	33.11
2011	5	23	10	4	3.36
2011	5	30	13	26	1.47
2011	6	1	14	24	1.6
2011	6	8	9	21	1.84
2011	6	15	17	45	2.65
2011	6	17	17	16	1.67
2011	6	22	12	0	6.95
2011	6	23	17	2	3.08
2011	6	26	13	40	1.3
2012	3	12	18	0	10.53
2012	3	12	23	2	7.31
2012	3	13	7	55	21.58
2012	3	13	17	2	41.45
2012	3	14	5	2	5.42
2012	3	14	13	55	23.24
2012	3	15	18	57	2.49
2012	3	19	11	16	0.69
2012	3	21	13	26	1.25
2012	3	24	11	16	0.63
2012	7	12	9	50	19.89
2012	7	12	12	0	5.88
2013	4	27	15	36	3.2
2013	4	28	3	36	3.54
2013	4	28	12	43	2.67
2013	4	29	0	57	2.88
2013	4	29	9	50	2.61
2013	5	1	10	19	2.42
2013	5	2	19	12	2.04
2013	5	3	18	14	2.17
2013	5	5	10	48	1
2013	5	6	14	9	1.06
2013	5	7	13	12	0.94
2013	5	8	13	12	0.71
2013	5	8	16	33	2.48
2013	5	9	12	43	1.5
2013	5	11	13	26	0.48
2013	5	14	11	45	0.63
2013	5	19	9	36	0.41
2013	5	20	12	28	6.61
2013	5	21	14	38	43.19
2013	5	23	17	16	0.92
2013	5	29	14	24	0.56
2013	5	30	23	16	8.23
2013	5	31	11	16	8.48
2013	5	31	23	2	13.89
2013	6	1	14	9	3.14
2013	6	3	5	2	9.64
2013	6	6	17	45	0.83
2013	7	22	12	14	0.58
2013	7	25	8	38	0.49
2014	4	8	16	19	3.18
2014	4	9	18	14	2.55
2014	4	10	18	0	2.05
2014	4	13	14	38	0.89
2014	4	25	15	36	0.85
2014	4	28	19	40	0.63
2014	5	21	13	26	1.23
2014	6	5	13	40	3.34
2014	6	30	9	36	1.85
2014	7	2	10	48	0.97
